10

19127001
2020014
Trinh Van Minh
4 1 2020
19APCS1
-1
-1
-1
-1

19127002
2020024
Nguyen Van 2
4 2 2020
19APCS1
-1
-1
-1
-1

19127003
2020034
Nguyen Van 3
4 3 2020
19APCS1
-1
-1
-1
-1

19127004
2020044
Nguyen Van 4
4 4 2020
19APCS1
-1
-1
-1
-1

19127005
2020054
Nguyen Van 5
4 5 2020
19APCS1
-1
-1
-1
-1

19127006
2020064
Nguyen Van 6
4 6 2020
19APCS1
-1
-1
-1
-1

19127007
2020074
Nguyen Van 7
4 7 2020
19APCS1
-1
-1
-1
-1

19127008
2020084
Nguyen Van 8
4 8 2020
19APCS1
-1
-1
-1
-1

19127009
2020094
Nguyen Van 9
4 9 2020
19APCS1
-1
-1
-1
-1

19127010
2020104
Nguyen Van 10
4 10 2020
19APCS1
-1
-1
-1
-1

